0.9981854846096232
0.9992279007280647
0.9956077986152078
0.999638701912915
0.9906090071505366
0.9985364902406316
0.988066564020427
0.995099749038009
0.9993958410412944
0.9951913293289725
0.9982534660598907
0.9960480404361639
0.9985624131980855
0.9976153960775259
0.9933832211679814
0.9987818525495527
0.9857189563697741
0.996146228989828
0.9991643681637464
0.9980326774808221
0.9967839032949061
0.9818039636643331
0.9965980601000032
0.998744781917392
0.9983323503072552
0.997496336947075
0.9975992785212741
0.9963759544741677
0.9940970480382919
0.9989454589666281
0.9986412296645145
0.9956770700106569
0.9925120280150392
0.9967589600696969
0.9990913688640796
0.9974628081815085
0.9993055590184104
0.9979506685478924
0.9957301712565304
0.9950624553225779
0.9988643881468378
0.9966916236620584
0.9882271525552294
0.9965559947624844
0.9992870465068923
0.9931865672825823
0.9966604642842464
0.9982369922153043
0.99097095421695
0.9937401376804843
0.9920676580570225
0.9993288404742471
0.9979766690941837
0.988328586401548
0.999206238282003
0.9963116165117673
0.9994204181649003
0.9985376222092593
0.9974499233083667
0.9989352165149618
0.9983449484273578
0.999478783462203
0.9990780840011656
0.9968588133161663
0.9950182723943738
0.9945183937551386
0.9962429954620142
0.9975226262661185
0.9986115080288311
0.9949110978076473
0.9967067035292893
0.9993219743337781
0.9989686991666391
0.9815408150651255
0.9985626625561088
0.9986549695107436
0.9966630811840049
0.9969811547767685
0.9841948846496553
0.9973635259534721
0.998518710985324
0.9978182615462374
0.9987838139602331
0.996154791194846
0.9984752547803267
0.9994172072508365
0.9949714198580198
0.9967271123891946
0.9981327828642369
0.9925472039163221
0.9801296333254735
0.9990255797905517
0.9990319340811958
0.9969980771182438
0.9981300125832272
0.9994497283063298
0.999004989722136
0.9963205024858119
0.999304854686027
0.9982849623920566
0.9984466709287818
0.9946125616953483
0.9966920325949229
0.9989951046944685
0.9834825070037717
0.9904805939985507
0.9993110486477917
0.9976151942289935
0.9962080222852853
0.9914960049604172
0.9991119679176563
0.9972574423823594
0.9989564279260363
0.9988359523858413
0.998904411694578
0.9986997617812983
0.9979477323221749
0.9979664158289686
0.9992444743644003
0.9898890954555178
0.9901592444894742
0.9969815473886527
0.9982046781583414
0.9903903448260324
0.9988382962049214
0.9991349587577064
0.9989676307179857
0.9978037462387699
0.9939971105586538
0.9995632976681766
0.9973611594240607
0.9952954820728727
0.9994711842628748
0.9883722376752666
0.9973933351790271
0.9919863143717598
0.9882352120541366
0.9961138326945298
0.9975528726915627
0.9938157042041051
0.9991308318897796
0.997381093565388
0.991973172363832
0.9923386589248341
0.9973799397999008
0.9957932506963939
0.9806405438580571
0.9984470521719665
0.99018617126223
0.9805864794574135
0.9992145603252509
0.9966877138628435
0.9950690159475755
0.9984038847884296
0.9913077555278823
0.9996049841235986
0.9992933319284099
0.9991214832505244
0.9971688347643991
0.9990986595559852
0.9936461138261398
0.9979149549596005
0.999220395190195
0.9988829160244956
0.9975469134840373
0.9954216409567535
0.989732323466231
0.9898273052064883
0.9932739610911168
0.9973357915673996
0.9966273904676466
0.998928300701065
0.9986269340118866
0.9985739911084873
0.9894651303052899
0.9967711613633582
0.9953478108449219
0.987130715689463
0.9934942837587247
0.9992684297963245
0.998638603210562
0.9974007627899274
0.9993903736135241
0.9975106307682384
0.9878988293276515
0.9969999566710119
0.9802907228935567
0.9820613254676133
0.9963285029263615
0.9988139612177457