0.5960636924065155
0.5974813756122649
0.600321146910945
0.5983463521092024
0.5915448168279199
0.5998535015147997
0.6004982651225839
0.5980963146893943
0.5998041304737947
0.5997395926773322
0.5976866784226096
0.5999429399206344
0.597999037975865
0.5987131189998093
0.6002916214331226
0.6095412671892999
0.5908960106640858
0.5986409778933843
0.598775493986823
0.5938273177833788
0.5989485644887577
0.5985119832458183
0.5984869171445304
0.5992277351812494
0.5996880762633515
0.5995006141957206
0.5989031976610887
0.5993410360254694
0.6024042912072648
0.6068703244980627
0.5996541435698252
0.595445266484999
0.5926007937416704
0.599499985198026
0.599097466625664
0.6005797098804201
0.5998750430438119
0.6001272516259759
0.5988730046183709
0.6027373323956917
0.5995082115703673
0.5976560676779122
0.59832789186061
0.5908284954366607
0.5992175927192495
0.5993122385232722
0.5985467229418351
0.6075690519887644
0.6006694591818329
0.5974786618947187
0.598773458050523
0.5922413933687528
0.6005145408716078
0.5995998334004506
0.5994779078417127
0.5969582888319357
0.5997764177931372
0.5996268558754316
0.5972118468121183
0.5999416257370471
0.5994469340992397
0.5994452984258556
0.5954292565920114
0.5991063295850827
0.6004862950670707
0.6001449257070905
0.5989983201211837
0.5987093770476734
0.5941228074224135
0.5993426299067574
0.5996982501276649
0.6069676723091404
0.5984599889474477
0.593977239284973
0.5987807594550488
0.5994687720266592
0.5949009796025128
0.5994282433276216
0.5956877242671401
0.6035996653761352
0.5977558069321834
0.5988533939266332
0.5952458339160196
0.5998959083782511
0.602926555301315
0.5972666808882522
0.606115672022586
0.6026505104697043
0.5981220307261392
0.60201977614334
0.5997640526149666
0.5937494290786586
0.5999394661016312
0.5997999968825747
0.5940208424882286
0.5963103238773225
0.595661471361344
0.5971877304956028
0.5997283432188325
0.600021824273637
0.5968921099390823
0.5989046126329924
0.5951858763104156
0.5997852730220793
0.5976058866597392
0.5990371747015283
0.5970080273241006
0.6000243024740186
0.5979758806732864
0.6004761309045092
0.5957060430065003
0.5988221371456097
0.5998271441938194
0.6007062926159622
0.5982881630234685
0.6007195110262149
0.5990354917086974
0.5934511142188109
0.5984378572430742
0.5989966018264711
0.5972195599061523
0.5981051312968929
0.5993060639171724
0.5999144629385171
0.5987911915770212
0.5929961549049569
0.601078538715828
0.600502224231154
0.5977229633350643
0.6000215952548194
0.5992874270139782
0.6000160182206239
0.5996332698704048
0.5984377327703299
0.5994267150694617
0.6000957023853425
0.5994207920319697
0.5937775378420934
0.6084515220228202
0.5995759517902599
0.5993682534747825
0.5998139136999705
0.5992767945507347
0.599260225361528
0.5986968985764405
0.6015612407466602
0.5922679080954814
0.600472104378417
0.5967577877521818
0.5969499901896309
0.598506309898441
0.599317966526408
0.5982203287084388
0.5994854142585935
0.5955162890572311
0.5965696885730206
0.5984213597936473
0.5919979818979272
0.5990593811415088
0.5992193418245573
0.6086075139893183
0.6074310938886973
0.5988304618860617
0.6003179709289547
0.6017832139339602
0.5974565449140544
0.6004081472498053
0.5990797010654646
0.6098596920472467
0.5992254118088821
0.6052642958349512
0.5986103584261566
0.599607204166555
0.6039514144079406
0.6083264037530395
0.5966108936466021
0.5972167346909418
0.598491970467493
0.5977780942288043
0.5992928950621064
0.5968768192931565
0.5985678203280382
0.5985752743002216
0.5941334040576807
0.5988328946015864
0.6010181368220837
0.6027391765322152
0.6000366353483246
0.5968787721538104
0.5998037085101339